MDEC-23:0.5380477982211672
LipoaffinityIndex:0.529321142376796
nC:0.4918549421578931
minHsOH:0.466620545466948
C1SP2:0.46612728201901005
nHBAcc:0.45954895553761277
maxHsOH:0.440443217304938
BCUTc-1l:0.4321082282284358
minHBint5:0.4306900636100746
MLFER_A:0.42852553038987834
minsOH:0.42663194515198394
maxssO:0.4251490335740295
MLogP:0.42317610632272984
minsssN:0.42067447954921744
ATSc3:0.4200953880715071
ETA_Shape_Y:0.4193181798562389
TopoPSA:0.4188283896655203
MDEC-33:0.4123001568527627
mindssC:0.4087607632831274
maxHBint5:0.40541450533921625
